5
1 100 100
2 80 170
3 85 20
4 105 40
5 65 5
6 90 170
7 95 105
8 90 15
9 60 175
10 80 25
11 75 140
12 70 10
13 90 110
14 90 30
15 95 10
16 75 90
17 55 120
18 85 125
19 60 110
20 120 100
21 110 190
22 40 60
23 175 30
24 30 150
25 150 170
26 20 80
27 130 50
28 50 110
29 180 75
30 100 160
31 70 190
32 160 120
33 30 100
34 120 180
35 190 40
36 80 140
37 170 90
38 60 30
39 140 10
40 10 120
41 100 10
42 180 150
43 20 160
44 90 50
45 50 180
46 130 130
47 70 40
48 160 80
49 163 43
50 84 82
51 120 50
52 150 80
53 170 120
54 80 30
55 110 10
56 40 120
57 30 70
58 60 120
59 90 170
60 110 130
61 140 180
62 50 50
63 75 60
64 130 20
65 140 70
66 170 90
67 20 160
68 100 130
69 120 160
70 150 140
71 180 170
72 70 80
73 50 30
74 80 40
75 120 10
76 140 30
77 160 50
78 80 160
79 120 180
80 140 160
81 160 140
82 90 80
83 110 60
84 50 20
85 70 40
86 100 20
87 130 40
88 150 60
89 170 80
90 70 100
91 100 120
92 130 140
93 160 160
94 40 80
95 60 100
96 90 120
97 120 140
98 150 160
99 170 180
100 50 100