5
1 100 100
2 80 170
3 85 20
4 105 40
5 65 5
6 90 170
7 95 105
8 90 15
9 60 175
10 80 25
11 75 140
12 70 10
13 90 110
14 90 30
15 95 10
16 75 90
17 55 120
18 85 125
19 60 110
20 120 100
21 110 190
22 40 60
23 175 30
24 30 150
25 150 170
26 20 80
27 130 50
28 50 110
29 180 75
30 100 160
31 70 190
32 160 120
33 30 100
34 120 180
35 190 40
36 80 140
37 170 90
38 60 30
39 140 10
40 10 120
41 100 10
42 180 150
43 20 160
44 90 50
45 50 180
46 130 130
47 70 40
48 160 80
49 163 43
50 84 82
51 75 95
52 105 155
53 55 45
54 150 80
55 70 180
56 160 15
57 135 110
58 75 20
59 30 75
60 150 10
61 185 20
62 100 200
63 40 100
64 90 75
65 115 155
66 45 30
67 95 160
68 50 65
69 100 25
70 80 85
71 110 40
72 85 180
73 165 125
74 100 85
75 80 125
76 105 30
77 120 55
78 160 35
79 55 155
80 170 50
81 145 110
82 125 60
83 70 150
84 75 50
85 130 75
86 115 50
87 125 30
88 165 70
89 175 100
90 90 185
91 155 70
92 120 85
93 110 20
94 85 160
95 50 195
96 135 180
97 90 195
98 80 105
99 55 105
100 45 75
101 125 160
102 85 70
103 70 80
104 150 45
105 120 125
106 140 60
107 170 160
108 60 130
109 130 170
110 65 115
111 155 165
112 145 130
113 170 130
114 175 185
115 130 185
116 105 170
117 95 30
118 100 45
119 145 70
120 180 170
121 160 190
122 75 115
123 80 140
124 130 40
125 70 75
126 100 140
127 95 45
128 135 85
129 115 165
130 150 105
131 155 60
132 105 115
133 85 125
134 105 10
135 90 155
136 75 190
137 110 160
138 150 35
139 160 155
140 60 65
141 105 65
142 155 130
143 70 170
144 60 20
145 75 155
146 120 20
147 165 20
148 90 65
149 145 195
150 160 110