5
1 100 100
2 80 170
3 85 20
4 105 40
5 65 5
6 90 170
7 95 105
8 90 15
9 60 175
10 80 25
11 75 140
12 70 10
13 90 110
14 90 30
15 95 10
16 75 90
17 55 120
18 85 125
19 60 110
20 120 100
21 110 190
22 40 60
23 175 30
24 30 150
25 150 170
26 20 80
27 130 50
28 50 110
29 180 75
30 100 160
31 70 190
32 160 120
33 30 100
34 120 180
35 190 40
36 80 140
37 170 90
38 60 30
39 140 10
40 10 120
41 100 10
42 180 150
43 20 160
44 90 50
45 50 180
46 130 130
47 70 40
48 160 80
49 163 43
50 84 82
51 115 25
52 88 155
53 15 60
54 106 86
55 43 29
56 78 133
57 35 16
58 92 14
59 110 102
60 103 147
61 37 104
62 109 25
63 67 24
64 72 59
65 129 83
66 141 145
67 130 103
68 174 114
69 30 23
70 116 175
71 155 66
72 92 112
73 81 77
74 53 149
75 141 97
76 144 120
77 32 95
78 25 28
79 179 115
80 153 88
81 128 95
82 134 131
83 57 28
84 91 101
85 133 73
86 159 60
87 153 130
88 31 100
89 121 77
90 122 130
91 75 124
92 114 42
93 32 88
94 178 134
95 142 64
96 62 65
97 46 80
98 126 123
99 42 122
100 66 129
101 28 125
102 74 90
103 142 150
104 23 174
105 126 108
106 159 105
107 150 104
108 119 138
109 168 148
110 26 52
111 76 127
112 80 120
113 48 135
114 108 107
115 44 55
116 89 95
117 107 53
118 153 30
119 24 65
120 135 65
121 83 70
122 147 78
123 148 58
124 128 35
125 148 84
126 27 123
127 131 64
128 33 39
129 140 153
130 76 108
131 119 64
132 113 119
133 86 128
134 116 122
135 86 63
136 104 27
137 79 139
138 162 42
139 139 157
140 137 41
141 72 102
142 124 155
143 49 49
144 95 141
145 64 140
146 110 142
147 69 154
148 85 159
149 56 37
150 103 64
151 45 75
152 173 109
153 174 92
154 124 41
155 64 158
156 157 33
157 64 60
158 150 100
159 139 58
160 165 38
161 53 85
162 157 127
163 116 174
164 48 112
165 140 61
166 60 77
167 110 97
168 101 161
169 161 144
170 27 28
171 136 136
172 111 50
173 69 61
174 107 73
175 144 125
176 47 138
177 68 58
178 44 118
179 127 53
180 77 112
181 115 33
182 34 75
183 35 166
184 50 64
185 59 147
186 119 57
187 140 123
188 154 86
189 49 124
190 168 138
191 94 82
192 102 113
193 168 31
194 134 91
195 89 128
196 37 124
197 52 33
198 33 163
199 50 163
200 111 154
201 93 120
202 112 131
203 35 124
204 89 120
205 99 84
206 33 63
207 81 115
208 131 96
209 63 79
210 146 82
211 32 113
212 131 159
213 106 58
214 55 156
215 97 53
216 43 170
217 102 144
218 71 134
219 139 111
220 150 45
221 81 33
222 137 148
223 28 68
224 90 174
225 108 88
226 160 127
227 168 156
228 124 81
229 47 41
230 154 26
231 118 112
232 173 150
233 40 100
234 134 99
235 160 160
236 143 113
237 38 121
238 36 119
239 93 166
240 126 168
241 116 39
242 155 124
243 75 74
244 134 57
245 117 134
246 120 144
247 56 88
248 102 58
249 70 131
250 91 164
251 47 136
252 133 50
253 97 31
254 69 160
255 122 136
256 33 82
257 113 62
258 31 77
259 124 126
260 130 154
261 168 136
262 135 109
263 76 153
264 130 134
265 123 103
266 113 112
267 67 109
268 36 146
269 80 67
270 58 57
271 62 87
272 87 30
273 103 119
274 38 59
275 170 74
276 36 155
277 147 150
278 57 117
279 87 75
280 134 155
281 87 143
282 103 168
283 47 87
284 31 49
285 124 85
286 60 95
287 96 54
288 31 124
289 28 110
290 145 97
291 134 61
292 142 85
293 113 94
294 95 115
295 92 98
296 137 51
297 139 126
298 152 76
299 88 28
300 141 70
301 60 112
302 80 154
303 39 168
304 39 38
305 101 44
306 99 46
307 60 58
308 159 63
309 56 120
310 96 107
311 82 27
312 126 33
313 94 48
314 118 80
315 63 27
316 44 168
317 34 133
318 104 143
319 147 110
320 160 68
321 121 159
322 105 85
323 79 31
324 31 125
325 54 110
326 121 43
327 60 120
328 52 34
329 108 125
330 101 48
331 107 60
332 121 128
333 93 86
334 119 113
335 140 144
336 147 20
337 89 50
338 88 106
339 148 103
340 116 124
341 54 75
342 75 134
343 163 60
344 168 39
345 36 81
346 82 68
347 141 59
348 126 148
349 124 129
350 107 114
351 150 91
352 31 32
353 88 42
354 62 46
355 97 120
356 103 39
357 134 52
358 99 138
359 102 63
360 121 77
361 70 26
362 30 129
363 101 152
364 54 125
365 39 54
366 100 138
367 126 130
368 64 145
369 137 95
370 160 102
371 122 87
372 44 100
373 119 95
374 85 153
375 82 134
376 139 102
377 33 34
378 57 136
379 111 71
380 168 157
381 29 160
382 166 163
383 115 113
384 68 106
385 115 149
386 89 79
387 141 141
388 71 67
389 130 61
390 43 91
391 55 37
392 138 47
393 165 162
394 138 129
395 156 31
396 124 102
397 134 40
398 145 129
399 93 145
400 140 131